                                                                                                                                
                                                                                                                                
                                                                                                                                
                                                                                                                                
                                                                                                                                
                                                                                                                                
                                                                                                                                
                                                                                                                                
                                                                                                                                
                                                                                                                                
                                                                                                                                
                                                                                                                                
                                                                                                                                
                                                                                                                                
                                                                                                                                
                                                                                                                                
                                                                                                                                
                                                                                                                                
                                                                                                                                
                                                                                                                                
                                                      75111111111111111115                                                      
                                                      080808880888080888886                                                     
                                                      869499999994649994988                                                     
                                                     40949494449494949444687                                                    
                                                     88494949494449494944988                                                    
                                                    789949494444444949494968                                                    
                                                    0894949494949444949494601                                                   
                                                    0049494449444949494944488                                                   
                                                   78994949444449494949494968                                                   
                                                   889494949494949494949494985                                                  
                                                  7064949494949494949494944988                                                  
                                                  58994949494949494949494449987                                                 
                                                  80949494949494949494949494900                                                 
                                                 706444949494949494449494449408                                                 
                                                 0894494949494949494449494949987                                                
                                                 8694949494949494949494449444988                                                
                                                10649494944444949494949444949400                                                
                                                089949494449494949494444494944485                                               
                                               7899494949494449494949494449444908                                               
                                               90949494444444949444949494949494607                                              
                                               00494949444949499649494949444949486                                              
                                              789949494949494990664949444949494968                                              
                                              8894949444949449817064949444449494607                                             
                                              004949494449494607 809494949494949980                                             
                                             189949494949444908  584944494949494968                                             
                                             809444949494449989  7064944494944494682                                            
                                            7864949494949444687   809494944494949988                                            
                                            989449494949494988    2899444949494949987                                           
                                            869494449494949985    7064949494949494906                                           
                                           7064949494944494607     809494944494444400                                           
                                           084944494949444988      2894494949494949987                                          
                                           869494949494949981       064949494449494908                                          
                                          506494949494949408        809494949494944408                                          
                                          084949494944494608        1849494949494949485                                         
                                         7899494949444449487         064949444949494908                                         
                                         889494949494949408          8894449494949444907                                        
                                         004449494949444908          1899494944494944986                                        
                                        1899494949494949987           064449494949494908                                        
                                        809494949494949400            8094944494944494987                                       
                                       7004949494949494986            1899494444494949980                                       
                                       5899494949444949987             004449494944494968                                       
                                       809494944494949480              8064949494944494982                                      
                                      7064949494949494904              7849444944494949980                                      
                                      8894494949494949987               0049494949444949987                                     
                                      869444944494949480                0094949494949494986                                     
                                     1864449494949494901                7899494949494949480                                     
                                     884944494944494968                  0049494949494949987                                    
                                    7899494949494949488                  6094949494949494988                                    
                                    6094949444944494601                  7899494949444949460                                    
                                    009949494949494968                    0844444444494449482                                   
                                   7899444949444949488                    6864949494949494988                                   
                                   8094444494449494687                    78994949494949444607                                  
                                   864449444949444968                      0049494949494449486                                  
                                  2849494949494449482                      1894944494944494968                                  
                                  8094949494949494964155454545454545454542140494949494949494607                                 
                                 78649494949494949496808080808080808880808804944494949494949480                                 
                                 68494949494949494949494949464999464949494949494949494949494968                                 
                                 809444944494949494949494949494949494949494949494944494449494601                                
                                7064449444949494949494449494949444949494949494449494949494949488                                
                                08494449494944494949494949494949444949494949494949494949494449987                               
                                86949494949494444494949494449494449494949494449494449494949494909                               
                               509494949494949444944494949494949494949494949444949494444494949480                               
                               0849494944494949494444494949444949494949494949494944494949494949987                              
                              78994944444949444944494949494949444944494949494949494949494944444908                              
                              88644494949444949494949494949494949494949444449494949494949494949460                              
                              064949444949494949444444444949494944494949444944494949494949494449985                             
                             1899444944494949494949994949494999499949494949494949494449494949494988                             
                             80949494944494949988808088808080808888808080808888806994949494949494907                            
                            706494949494949494827777777777777777777777777777777720649494949494949989                            
                            4899494949494949408                                  8694444494944494908                            
                            8094949494944494908                                  08994449494944494907                           
                           78644494949494944487                                  78949494949494944980                           
                           0844494949494944400                                    8694949494449494968                           
                           8694449494449494908                                    08994949494949494901                          
                          10949494944494949987                                    70949444949494949488                          
                          8899494949494949980                                      80949494944494949687                         
                         78994949444449494904                                      68994449494949494909                         
                         60649494944494949987                                      78649444949494449408                         
                         0899494949494944480                                        80949444949494949987                        
                        78494949494949444602                                        48944949494949494988                        
                        8094944494944494968                                         70649494949494949460                        
                       78049444949494949980                                          80949494949444949482                       
                       58994949444444494681                                          58494949494949494988                       
                       8094944444949494968                                           786444449494944444687                      
                      70649494949494949488                                            88944444949494949984                      
                      68494949494949494607                                            58994949494949494608                      
                      8888888080808080888                                             788080808088808088801                     
                     50888088808888888080                                              88808888808880888080                     
                                                                                                                                
                                                                                                                                
                                                                                                                                
                                                                                                                                
                                                                                                                                
                                                                                                                                
                                                                                                                                
                                                                                                                                
                                                                                                                                
                                                                                                                                
                                                                                                                                
                                                                                                                                
                                                                                                                                
                                                                                                                                
                                                                                                                                
                                                                                                                                
                                                                                                                                
                                                                                                                                
                                                                                                                                
                                                                                                                                