                                                                
                                                                
                                                                
                                                                
                                                                
                                                                
                                                                
                                                                
                                                                
                                                                
                           7177777771                           
                           88808088888                          
                           00969996988                          
                          1899494449987                         
                          8894944494908                         
                         70649494444468                         
                         989949494949981                        
                         809494449444908                        
                        70649494949444607                       
                        08494449494949984                       
                        86949499899494968                       
                       5064949667899494607                      
                       884944481 809949988                      
                      7869494607 509494968                      
                      009494908  7899494981                     
                      804949985   084949480                     
                     7899494607   5894949687                    
                     809494908    7899494609                    
                    7804949981     084949900                    
                    589949408      5064949987                   
                    809494988       899494908                   
                   7064949987       884949468                   
                   089949460        2064949981                  
                   869444908         899494988                  
                  1864949987         8849494607                 
                  884949408          1894949984                 
                 7899494902           899494908                 
                 9894949482771717177770949494607                
                 8049494948088808880806994449480                
                78994949499949969999494949494968                
                889494449494949494949494949494681               
                064949494949494949494449444949480               
               18994949499696969999969699494949687              
               80949494008888808088888080649494909              
              706444940077777777777777771094944488              
              9899494681                 8694949987             
              809494968                  6849494988             
             7064949980                  7064949468             
             8899494601                   8094949981            
             869444968                    9849494908            
            5864949980                    70649494007           
            8849494687                     8094949984           
           7800606608                      9806969008           
           8080808080                      70888888802          
           7                                                    
                                                                
                                                                
                                                                
                                                                
                                                                
                                                                
                                                                
                                                                
                                                                