                                
                                
                                
                                
                                
              77777             
             780808             
             4009602            
             0049480            
            789949987           
            806909686           
            0066 8900           
           18681 68687          
           80607 70008          
          70008   8600          
          98682   88681         
          8660    70608         
         70608     89607        
         08487     50989        
         869960808069968        
        28649680808664607       
        08968808888889480       
       786607777777710668       
       68608         80601      
       80687         98988      
      78688          700687     
      88808           80808     
      77 7            77 77     
                                
                                
                                
                                